70
72
68
75
73
74
69
71
78
76
65
67
74
72
75
79
66
68
70
73
77
72
69
71
68
74
80
66
72
71
75
70
68
66
74
72
75
78
77
73
69
70
71
72
74
76
67
71
72
70
68
72
69
78
74
75
71
73
70
69
66
75
78
77
80
82
74
76
70
68
67
69
71
75
74
76
72
73
68
70
72
69
73
77
75
76
78
66
65
71
72
75
78
80
76
68
72
71
69
74
78
77
73
71
75
70
68
66
74
73
75
80
72
70
71
69
68
66
72
77
80
73
69
70
72
74
76
68
67
69
71
75
78
79
82
84
75
77
80
82
74
72
76
79
70
72
75
80
81
83
74
68
72
70
75
76
78
80
81
73
70
69
68
67
65
76
78
80
82
74
75
76
77
78
80
82
83
84
85
70
71
72
73
74
75
76
77
78
79
80
81
82
83
84
85
86
87
88
70
72
74
76
78
80
82
84
86
88
90
