180
200
160
240
190
185
170
175
220
215
150
155
185
180
190
225
165
170
180
190
200
190
175
180
160
185
230
165
195
175
200
180
170
160
180
190
195
220
210
205
175
180
185
190
195
200
165
175
180
160
155
185
190
210
220
195
200
175
185
160
165
180
190
195
200
225
250
180
190
170
175
180
200
185
210
200
180
195
200
215
180
175
170
160
200
195
190
185
210
220
185
180
175
170
165
180
190
200
195
190
205
220
180
190
200
195
180
170
175
185
190
200
195
210
220
230
240
180
185
190
195
200
205
210
220
190
200
210
200
220
230
240
250
180
185
190
195
200
205
210
215
220
180
185
190
200
210
220
230
240
250
180
190
200
210
220
230
240
250
180
190
200
205
210
215
220
225
230
240
250
180
190
200
210
220
230
240
250
260
270
280
290
300
